20934613722	115172686003	202601079281	301858168224	361973160709	8731969988
61139524933	115172686003	350617826539	8731969988	361973160709	185881255047
101303345869	301858168224	361973160709	8731969988	115172686003	54584332023
144487082072	499730333657	191231455530	53126948248	185881255047
198306161049	8731969988	361973160709	115172686003	202601079281	301858168224
246424908280	54584332023	499730333657	191231455530	53126948248	185881255047
264949295383	185881255047	54584332023
265093047449	54584332023	499730333657	53126948248	191231455530
267059850786	202601079281	301858168224
319784969137	350617826539
345107819534	202601079281
388291555737	350617826539
398235564051	350617826539
464878698385	191231455530	499730333657	53126948248
579699695071	54584332023	185881255047	191231455530	53126948248	499730333657
583695018997	8731969988	350617826539	361973160709	115172686003
585692680960	301858168224
589688004886	202601079281
