8731969988	583695018997	61139524933	198306161049	20934613722	101303345869
53126948248	579699695071	265093047449	464878698385	246424908280	144487082072
54584332023	579699695071	265093047449	264949295383	246424908280	101303345869
115172686003	583695018997	61139524933	198306161049	20934613722	101303345869
185881255047	579699695071	61139524933	264949295383	246424908280	144487082072
191231455530	579699695071	265093047449	464878698385	246424908280	144487082072
202601079281	589688004886	267059850786	198306161049	20934613722	345107819534
301858168224	585692680960	267059850786	198306161049	20934613722	101303345869
350617826539	583695018997	61139524933	398235564051	319784969137	388291555737
361973160709	583695018997	61139524933	198306161049	20934613722	101303345869
499730333657	579699695071	265093047449	464878698385	246424908280	144487082072
