16999096740578	7
17411313176577	5
17817719929260	1
22953775121316	5
23848604557194	1
26308738811613	1
31814896808055	2
31960370926242	7
37942263799896	1
38526525816272	1
39386486030831	7
39704470760547	4
42239963095488	6
47714964725308	6
48756118291937	5
54632458026037	2
54634096993496	8
56007656378757	9
56133858683720	4
56455166399778	3
56643546726966	3
58474795327858	7
59931242744703	8
59936132775448	3
61048672173805	4
62089825740434	3
65152049947988	8
67402511359789	9
69604222384697	4
69691566565903	6
71456950653547	8
72213088979233	7
73205862039009	2
74088000039118	6
74382379622302	2
75768494050490	8
76603739396167	9
76776588613162	6
77272670454373	9
78029605097731	9
81411071442534	5
81472196645877	4
81718726876360	3
83220127534043	5
86314165974700	2

