1	2	10
1	3	20
3	2	30
4	1	40
5	2	50
6	2	60
7	1	70
1	2	1
1	3	2
3	2	3
4	1	4
5	2	5
6	2	6
7	1	7
7	1	100
11	12	10
11	13	20
13	12	30
14	11	40
15	12	50
16	12	60
17	11	70
1	2	10
1	3	20
3	2	30
4	1	40
5	2	50
6	2	60
7	1	70
1	2	1
1	3	2
3	2	3
4	1	4
5	2	5
6	2	6
7	1	7
1	1	100
11	12	10
11	13	20
13	12	30
14	11	40
15	12	50
16	12	60
17	11	70
1	2	10
1	3	20
3	2	30
4	1	40
5	2	50
6	2	60
7	1	70
1	2	1
1	3	2
3	2	3
4	1	4
5	2	5
6	2	6
7	1	7
7	1	100
11	12	10
11	13	20
13	12	30
14	11	40
15	12	50
16	12	60
17	11	70
1	2	10
1	3	20
3	2	30
4	1	40
5	2	50
6	2	60
7	1	70
1	2	1
1	3	2
3	2	3
4	1	4
5	2	5
6	2	6
7	1	7
7	1	100
11	12	10
11	13	20
13	12	30
14	11	40
15	12	50
16	12	60
17	11	70
1	2	10
1	3	20
3	2	30
4	1	40
5	2	50
6	2	60
7	1	70
1	2	1
1	3	2
3	2	3
4	1	4
5	2	5
6	2	6
7	1	7
7	1	100
11	12	10
11	13	20
13	12	30
14	11	40
15	12	50
16	12	60
17	11	70
1	2	10
1	3	20
3	2	30
4	1	40
5	2	50
6	2	60
7	1	70
1	2	1
1	3	2
3	2	3
4	1	4
5	2	5
6	2	6
7	1	7
7	1	100
11	12	10
11	13	20
13	12	30
14	11	40
15	12	50
16	12	60
17	11	70
1	2	10
1	3	20
3	2	30
4	1	40
5	2	50
6	2	60
7	1	70
1	2	1
1	3	2
3	2	3
4	1	4
5	2	5
6	2	6
7	1	7
7	1	100
11	12	10
11	13	20
13	12	30
14	11	40
15	12	50
16	12	60
17	11	70
1	2	10
1	3	20
3	2	30
4	1	40
5	2	50
6	2	60
7	1	70
1	2	1
1	3	2
3	2	3
1	5	12
5	4	12
4	1	4
5	2	5
6	2	6
7	1	7
7	11	100
11	12	10
11	13	20
13	12	30
14	11	40
15	12	50
16	12	60
17	11	70
